1
1
1
1
1
1
1
1
1
0
0
0
0
0
0
0
0
0
0
0
0
0
0
0
0
0
0
0
0
0
0
0
0
0
0
0
0
0
0
0
0
1
1
1
1
1
1
1
1
1
1
1
1
1
1
1
1
0
0
0
0
1
1
1
1
1
1
1
1
1
1
1
1
1
1
1
1
0
0
0
0
0
0
0
0
0
0
0
0
0
0
0
0
0
0
0
0
0
0
0
1
1
1
1
1
1
1
1
1
1
1
1
1
1
1
1
0
0
0
0
0
0
0
0
0
0
0
0
0
0
0
0
0
0
0
0
0
0
0
0
0
0
0
0
0
0
0
0
0
0
4
6
b
d
12
14
18
19
1d
1e
23
25
2a
2c
30
31
31
31
31
31
31
31
31
31
32
32
32
32
32
32
33
33
33
32
32
32
32
31
31
31
30
31
31
31
31
30
2f
2f
2f
30
30
30
30
30
30
30
30
2f
2f
2f
2f
30
30
30
30
2f
2f
2f
2f
2f
2f
2f
2f
2f
2f
2f
2f
2f
30
30
30
30
30
30
30
31
31
31
31
32
31
31
31
30
2f
2f
2f
2f
2f
2f
2f
2e
2e
2e
2e
2d
2e
2e
2e
2f
2f
2f
2f
30
30
30
30
30
30
30
30
30
30
30
30
30
30
30
30
30
30
30
30
31
31
31
31
32
32
32
32
31
31
31
31
31
31
31
31
30
30
30
30
30
30
30
30
31
31
31
2f
31
31
30
2d
30
30
34
31
32
2e
30
30
2f
2e
2f
30
32
2e
2e
31
30
2d
2a
2c
2d
2f
2b
2a
2c
2c
30
30
2e
31
30
2e
2f
31
31
2f
2e
30
31
2e
31
31
2d
2d
2a
2b
2f
2d
2b
29
2d
2f
30
2e
2e
32
31
30
34
33
37
37
34
35
37
39
39
37
36
34
37
37
33
34
30
31
32
2e
2e
31
30
2e
2a
2c
2d
2f
2b
2a
2c
2c
30
30
2d
30
2f
2d
2e
30
31
2f
2e
30
31
2e
31
32
2e
2d
2b
2c
2f
2d
2b
29
2c
2e
2f
2d
2d
31
2f
2d
31
31
35
35
33
35
37
39
39
37
36
34
37
37
34
35
31
32
33
2f
2f
31
30
2e
2b
2d
2e
30
2c
2b
2e
2e
2f
2f
2d
2f
2f
2c
2a
2b
2f
2e
30
2f
2f
2c
2c
39
38
46
47
45
44
43
49
49
4a
4a
45
45
46
48
48
3b
3e
2d
2f
33
35
35
2f
32
2b
2a
2a
29
2a
2a
27
27
22
25
1f
1d
1d
1d
1d
19
19
1d
1d
1d
1d
20
26
24
2a
2a
2d
2d
2c
2d
2d
2e
35
32
37
37
35
30
2d
3d
39
3a
36
35
3b
40
45
46
3f
42
3d
41
49
53
51
45
44
43
44
43
3c
36
31
33
34
30
37
37
32
2a
29
25
24
21
21
22
25
2a
2b
26
25
2c
2c
28
26
26
26
26
27
29
2a
28
29
25
25
28
2d
27
23
2a
2a
27
27
2a
29
2a
28
2a
2d
32
36
36
31
33
30
2d
34
3f
40
40
40
43
44
43
40
3a
34
33
36
38
3b
37
34
2d
32
2e
32
2d
2d
2e
2b
2a
2d
2d
2d
29
2f
2e
2b
33
2d
2e
2b
2c
2d
3d
3d
3e
3c
3e
3d
3b
36
38
41
37
38
37
38
37
3e
2c
2d
41
43
40
41
4b
49
50
46
45
43
44
43
48
40
41
43
2f
2c
2d
2d
29
2a
22
26
2a
30
2f
2e
2e
30
32
37
40
41
44
44
40
40
41
3d
3a
35
36
37
33
31
2e
26
22
22
1f
1d
1c
1b
1c
1f
2c
2e
30
2f
2d
2e
2e
37
34
39
38
37
38
38
37
35
26
25
25
25
2c
2b
2b
21
1f
1a
1d
1e
20
1d
1e
23
28
28
25
2b
2a
2b
2e
38
41
41
42
44
42
46
45
3e
3b
3a
3b
3a
34
35
33
2a
22
21
1e
1c
20
1d
1b
1d
1d
1c
1f
1b
26
26
26
26
33
34
34
34
30
31
34
36
35
35
3d
3e
3a
3b
3d
3c
32
34
3f
3e
40
41
44
41
40
40
36
3b
37
34
31
34
30
2d
28
29
2a
28
22
23
26
27
2a
2e
2b
2e
2f
2d
2e
2e
28
28
29
29
29
29
28
27
26
1e
23
25
2b
2d
34
35
34
37
33
32
3d
40
3f
42
3e
3f
41
3c
3c
3f
3a
3e
40
43
42
42
3a
35
37
37
38
35
31
32
36
3a
36
32
32
33
32
38
37
3c
3a
39
38
40
44
43
39
31
33
34
32
2d
2e
2e
2c
28
28
28
28
1f
1d
22
27
28
2f
2e
2e
2f
2f
29
34
38
38
39
39
3a
38
38
36
35
2c
2d
2f
2b
2f
3a
2f
33
33
32
33
39
3f
3e
3d
3b
3b
3b
3b
3d
3a
2f
31
29
30
31
33
35
2f
2a
29
2a
2b
29
29
2f
2f
30
31
34
2d
30
2d
29
2d
2f
2d
37
3a
3a
3b
33
33
33
33
39
3a
38
41
3f
3b
3f
43
3a
36
38
38
38
3b
45
42
41
40
3e
36
33
30
2d
2f
2f
34
35
32
38
39
30
32
2a
2a
31
32
33
34
33
2e
2f
2e
2d
2d
29
25
23
21
25
27
20
20
21
23
23
24
27
26
26
26
2d
30
37
37
36
39
37
38
3a
39
38
37
35
36
39
41
3c
38
34
36
34
2f
2f
31
30
2e
2f
34
32
33
31
2a
2c
32
31
32
31
31
3a
38
35
35
33
2d
2b
26
23
21
1a
13
11
e
d
d
4
1
1
1
1
1
1
1
1
1
2
2
2
2
2
1
1
1
1
1
1
1
1
1
1
1
0
0
0
0
0
0
0
0
0
0
0
0
0
0
0
0
0
0
0
0
0
0
0
0
0
0
0
0
0
0
0
0
1
1
1
1
1
1
1
1
1
1
1
1
1
1
1
1
0
0
0
0
1
1
1
1
1
1
1
1
1
1
1
1
1
1
1
1
0
0
0
0
0
0
0
0
0
0
0
0
0
0
0
0
0
0
0
0
0
0
0
1
1
1
1
1
1
1
1
1
1
1
1
1
1
1
1
0
0
0
0
0
0
0
0
0
0
0
0
0
0
0
0
0
0
0
0
0
0
0
0
0
0
0
0
0
0
0
0
0
0
0
0
0
0
0
0
0
0
0
0
0
0
0
0
0
0
0
0
0
0
0
0
0
0
0
0
0
0
0
0
