0
0
0
0
0
0
0
0
0
0
0
0
0
0
0
0
0
0
0
0
0
0
0
0
0
0
0
0
0
0
0
0
0
0
0
0
0
0
0
0
0
0
0
0
0
0
0
0
0
0
0
0
0
0
0
0
0
0
0
0
0
0
0
0
0
0
0
0
0
0
0
0
0
0
0
0
0
0
0
0
0
0
0
0
0
0
0
0
0
0
0
0
0
0
0
0
0
0
0
0
0
0
0
0
0
0
0
0
0
0
0
0
0
0
0
0
0
0
0
0
0
0
0
0
0
0
0
0
0
0
0
0
0
0
0
0
0
0
0
0
0
0
0
0
0
0
0
0
0
0
1
1
1
1
3
3
3
3
4
4
5
6
7
8
9
9
9
a
d
f
14
15
1a
1b
1f
20
25
27
2c
2f
32
33
33
33
33
33
33
33
33
33
33
33
33
32
32
32
32
32
32
32
32
31
31
31
31
31
31
31
31
31
31
31
31
31
31
31
31
31
31
31
31
31
31
31
31
32
32
32
32
32
32
32
32
32
32
32
32
32
33
33
32
31
30
30
30
30
30
30
30
31
31
31
31
31
31
31
31
31
31
31
31
31
31
31
30
2f
2f
2f
2f
2f
2f
2f
30
31
31
31
31
31
31
31
32
32
32
32
32
32
32
32
32
32
32
32
32
32
32
32
32
33
34
34
34
34
34
34
34
33
33
33
33
32
2e
30
27
24
21
20
20
20
1a
1a
14
10
a
9
9
8
9
9
c
c
8
7
4
1
2
6
4
7
7
6
6
6
c
5
6
7
8
1
3
4
2
7
a
a
7
b
9
9
b
6
a
9
9
3
4
2
1
7
7
6
5
c
6
7
7
5
4
5
6
1
1
7
4
9
8
5
a
f
c
c
f
9
4
6
8
5
9
2
3
7
7
4
7
9
7
5
c
5
6
7
7
1
1
2
1
8
9
a
5
9
7
6
9
5
8
8
7
4
5
4
2
9
9
8
6
c
5
6
8
6
4
6
7
2
1
7
4
6
4
1
6
b
8
8
c
6
2
4
6
5
9
4
4
8
8
5
8
a
9
5
4
9
8
8
9
e
e
12
15
1a
16
15
11
13
19
1a
14
10
12
10
c
b
b
c
b
a
c
b
e
f
11
13
f
a
9
9
8
a
5
d
a
d
c
d
a
8
8
a
b
7
c
b
c
b
6
6
4
4
4
5
8
6
5
5
6
8
6
5
5
5
7
7
c
d
b
d
8
a
a
c
9
9
8
a
5
4
5
6
a
7
7
8
5
9
f
b
5
7
3
4
4
7
9
a
5
a
2
7
a
9
5
4
8
8
7
6
b
9
4
3
7
6
5
6
f
f
f
f
f
d
c
f
10
11
10
d
b
a
f
f
12
11
11
11
f
f
10
e
6
c
d
9
4
7
11
10
11
11
16
16
13
13
11
c
8
b
a
b
7
7
8
7
b
b
e
d
10
f
f
f
e
d
10
13
17
10
f
e
3
2
2
1
2
3
9
b
a
c
c
11
15
11
11
f
9
a
a
d
a
d
f
11
15
15
13
1b
1c
16
19
11
b
a
a
7
a
8
7
8
3
3
3
5
d
b
d
7
5
5
5
2
6
a
a
12
12
12
d
e
e
a
c
e
e
f
f
10
d
d
10
e
12
13
16
14
12
16
18
1a
15
14
13
13
12
11
10
b
7
6
3
4
5
4
8
c
6
8
a
a
9
b
b
a
c
e
10
e
e
11
10
11
11
11
d
e
10
11
11
10
f
f
11
d
e
e
d
7
4
7
7
9
2
5
6
4
7
6
b
11
e
c
8
9
8
6
7
9
7
a
b
8
a
a
f
12
13
10
10
f
f
f
10
10
10
d
c
d
13
13
15
14
1a
17
19
15
17
17
f
c
e
10
10
10
a
b
7
7
c
a
a
8
a
a
b
1
6
6
6
7
4
4
c
a
f
f
f
e
f
f
c
5
6
3
5
6
b
b
a
b
a
9
a
b
b
b
d
e
c
10
13
e
11
12
f
12
f
f
d
10
10
c
c
c
5
7
c
a
c
b
c
12
11
12
15
14
14
14
14
10
e
d
12
8
9
b
a
13
13
18
16
18
17
15
15
12
13
14
16
14
19
19
1a
15
16
11
12
f
e
f
f
f
d
d
d
e
12
15
14
11
10
10
f
9
9
b
a
b
2
b
f
e
f
11
11
14
15
15
14
10
e
e
b
12
14
11
10
11
12
11
12
10
c
b
e
c
d
12
14
c
10
e
11
d
c
b
c
8
7
8
4
a
c
e
e
b
3
3
3
5
5
4
a
6
a
c
f
12
13
10
15
16
19
15
12
e
e
c
9
d
d
d
e
4
5
d
12
12
13
15
10
f
10
e
e
13
11
c
e
e
d
d
a
9
b
6
7
8
10
11
11
11
11
11
12
15
19
15
15
16
17
16
15
14
12
11
11
11
12
d
d
9
e
e
10
10
f
f
d
7
f
d
10
11
10
d
b
7
a
a
c
a
9
8
8
8
4
1
3
4
1
3
1
3
1
2
2
2
2
1
2
2
2
1
1
2
2
2
1
1
1
0
0
0
0
0
0
0
0
0
0
0
0
0
0
0
0
0
0
0
0
0
0
0
0
0
0
0
0
0
0
0
0
0
0
0
0
0
0
0
0
0
0
0
0
0
0
0
0
0
0
0
0
0
0
0
0
0
0
0
0
0
0
0
0
0
0
0
0
0
0
0
0
0
0
0
0
0
0
0
0
0
0
0
0
0
0
0
0
0
0
0
0
0
0
0
0
0
0
0
0
0
0
0
0
0
0
0
0
0
0
0
0
0
0
0
0
0
0
0
0
0
0
0
0
0
0
0
0
0
0
0
0
0
0
0
0
0
0
0
0
0
0
0
0
0
0
0
0
0
0
0
0
0
0
0
0
0
0
0
0
0
0
0
0
0
0
0
0
0
0
0
0
0
0
0
0
0
0
0
0
0
